0
1
0
0

(0)
1
2
1
0
(0,1)
(0)(1)
2
3
2
1
(0,1)(1,2)
(0)(1)(2)
3
4
3
2
(0,1)(1,2)(2,3)
(0)(1)(2)(3)
4
5
4
-1073744152
(0,1)(1,2)(2,3)(3,4)
(0)(1)(2)(3)(4)
5
6
5
4
(0,1)(1,2)(2,3)(3,4)(4,5)
(0)(1)(2)(3)(4)(5)
6
7
6
-1073744152
(0,1)(1,2)(2,3)(3,4)(4,5)(5,6)
(0)(1)(2)(3)(4)(5)(6)
7
8
7
-1073744152
(0,1)(1,2)(2,3)(3,4)(4,5)(5,6)(6,7)
(0)(1)(2)(3)(4)(5)(6)(7)
8
9
8
-1073744152
(0,1)(1,2)(2,3)(3,4)(4,5)(5,6)(6,7)(7,8)
(0)(1)(2)(3)(4)(5)(6)(7)(8)
9
10
9
8
(0,1)(1,2)(2,3)(3,4)(4,5)(5,6)(6,7)(7,8)(8,9)
(0)(1)(2)(3)(4)(5)(6)(7)(8)(9)
10
11
10
-1073744152
(0,1)(1,2)(2,3)(3,4)(4,5)(5,6)(6,7)(7,8)(8,9)(9,10)
(0)(1)(2)(3)(4)(5)(6)(7)(8)(9)(10)
11
12
11
-1073744152
(0,1)(1,2)(2,3)(3,4)(4,5)(5,6)(6,7)(7,8)(8,9)(9,10)(10,11)
(0)(1)(2)(3)(4)(5)(6)(7)(8)(9)(10)(11)
12
13
12
-1073744152
(0,1)(1,2)(2,3)(3,4)(4,5)(5,6)(6,7)(7,8)(8,9)(9,10)(10,11)(11,12)
(0)(1)(2)(3)(4)(5)(6)(7)(8)(9)(10)(11)(12)
13
14
13
-1073744152
(0,1)(1,2)(2,3)(3,4)(4,5)(5,6)(6,7)(7,8)(8,9)(9,10)(10,11)(11,12)(12,13)
(0)(1)(2)(3)(4)(5)(6)(7)(8)(9)(10)(11)(12)(13)
14
15
14
-1073744152
(0,1)(1,2)(2,3)(3,4)(4,5)(5,6)(6,7)(7,8)(8,9)(9,10)(10,11)(11,12)(12,13)(13,14)
(0)(1)(2)(3)(4)(5)(6)(7)(8)(9)(10)(11)(12)(13)(14)
15
16
15
-1073744152
(0,1)(1,2)(2,3)(3,4)(4,5)(5,6)(6,7)(7,8)(8,9)(9,10)(10,11)(11,12)(12,13)(13,14)(14,15)
(0)(1)(2)(3)(4)(5)(6)(7)(8)(9)(10)(11)(12)(13)(14)(15)
16
17
16
-1073744152
(0,1)(1,2)(2,3)(3,4)(4,5)(5,6)(6,7)(7,8)(8,9)(9,10)(10,11)(11,12)(12,13)(13,14)(14,15)(15,16)
(0)(1)(2)(3)(4)(5)(6)(7)(8)(9)(10)(11)(12)(13)(14)(15)(16)
17
18
17
16
(0,1)(1,2)(2,3)(3,4)(4,5)(5,6)(6,7)(7,8)(8,9)(9,10)(10,11)(11,12)(12,13)(13,14)(14,15)(15,16)(16,17)
(0)(1)(2)(3)(4)(5)(6)(7)(8)(9)(10)(11)(12)(13)(14)(15)(16)(17)
18
19
18
-1073744152
(0,1)(1,2)(2,3)(3,4)(4,5)(5,6)(6,7)(7,8)(8,9)(9,10)(10,11)(11,12)(12,13)(13,14)(14,15)(15,16)(16,17)(17,18)
(0)(1)(2)(3)(4)(5)(6)(7)(8)(9)(10)(11)(12)(13)(14)(15)(16)(17)(18)
19
20
19
-1073744152
(0,1)(1,2)(2,3)(3,4)(4,5)(5,6)(6,7)(7,8)(8,9)(9,10)(10,11)(11,12)(12,13)(13,14)(14,15)(15,16)(16,17)(17,18)(18,19)
(0)(1)(2)(3)(4)(5)(6)(7)(8)(9)(10)(11)(12)(13)(14)(15)(16)(17)(18)(19)
